00010101 0000010000000000 0000000000000011
00010101 0000010000000001 0000000000000010
00010101 0000010000000010 0000000000000001
00010101 0000100000000000 0000000000000100
00010101 0000100000000001 0000000000000101
00010101 0000100000000010 0000000000000110
00010101 0001000000000000 0000000000000000
00010101 0001000000000001 0000000000000000
00010101 0001000000000010 0000000000000000
00010110 0000000000010100 0000000001000110 0000000000111100 0000111111010010 0000000000011110 
00011011 0000000000000001 0000010000000000
00011011 0000000000000010 0000100000000000
00011011 0000000000000011 0001000000000000
00011011 0000000000000100 0000000000000011
00011100 0000010000000000
00010000 0000010000000000
00000011 0000000000000000 0000000000000000 0000000000001001
00000100 0000000000001010
00001111 0000000000000001 0000000000001001 0000000000010100
00001111 0000000000000010 0000000000001001 0000000000011110
00011010 0000000000010100 0000000000011110 0000000000010100
00000011 0000000000010100 0000000000001010 0000000000001010
00001110 0000000000001001
00010100 0000000000001001 0000000000000100 0000010000000100
00000101 